00000000000000000000000000000000000008888 222222222 222222222 88888000000000000000000000000000000000000-
0000000000000000000000000000000000888 3333333333333 333333333333 88880000000000000000000000000000000000-
0000000000000000000000000000000888 2222222222222222 222222222222222 88880000000000000000000000000000000-
00000000000000000000000000000888 333333333333333333 3333333333333333 8888000000000000000000000000000000-
000000000000000000000000000888 22222222222222222222 222222222222222222 88880000000000000000000000000000-
0000000000000000000000000888 3333333333333333333333 33333333333333333333 888800000000000000000000000000-
000000000000000000000000088 22222222222222222222222 2222222222222222222222 8888880000000000000000000000-
00000000000000000000088888 333333333333333333333333 3333333333333333333333333 8888888880000000000000000-
000000000000000000008888 22222222222222222222222222 22222222222222222222222222 888888800000000000000000-
00000000000000000000088 333333333333333333333333333 3333333333333333333333333333 8880000000000000000000-
00000000000000000008888 222222222222222222222222222 22222222222222222222222222222 888888000000000000000-
0000000000000000000888 3333333333333333333333333333 333333333333333333333333333333 88888800000000000000-
000000000000000000088 22222222222222222222222222222 2222222222222222222222222222222 8888880000000000000-
00000000000000000888 333333333333333333333333333333 33333333333333333333333333333333 888888800000000000-
0000000000008888888 2222222222222222222222222222222 222222222222222222222222222222222 88888880000000000-
00000000000000888 333333333333333333333333333333333 3333333333333333333333333333333333 8888888000000000-
00000000000000088 222222222222222222222222222222222 22222222222222222222222222222222222 888888880000000-
0000000000000088 3333333333333333333333333333333333 3333333333333333333333333333333333333 8888888800000-
000000008888888 22222222222222222222222222222222222 22222222222222222222222222222222222222 888888888000-
00000000000088 333333333333333333333333333333333333 333333333333333333333333333333333333333 88888880000-
00000000088888 222222222222222222222222222222222222 222222222222222222222222222222222222222 88888880000-
00000008888888 333333333333333333333333333333333333 3333333333333333333333333333333333333333 8888800000-
00000000000088 222222222222222222222222222222222222 22222222222222222222222222222222222222222 888888880-
00000000000088 333333333333333333333333333333333333 33333333333333333333333333333333333333333 888880000-
0088888888888 2222222222222222222222222222222222222 2222222222222222222222222222222222222222222 8888880-
0000000000088 3333333333333333333333333333333333333 3333333333333333333333333333333333333333333 8880000-
00000000088 222222222222222222222222222222222222222 22222222222222222222222222222222222222222222 880000-
000000888888 33333333333333333333333333333333333333 33333333333333333333333333333333333333333333 888880-
00000000088 222222222222222222222222222222222222222 22222222222222222222222222222222222222222222 888800-
000000000088 33333333333333333333333333333333333333 3333333333333333333333333333333333333333333 8888800-
000000008888 22222222222222222222222222222222222222 222222222222222222222222222222222222222222 88880000-
00000008888 333333333333333333333333333333333333333 333333333333333333333333333333333333333333 88888000-
000000008888 22222222222222222222222222222222222222 22222222222222222222222222222222222222222 888880000-
000000000888 33333333333333333333333333333333333333 33333333333333333333333333333333333333333 888888000-
0000000000888 2222222222222222222222222222222222222 2222222222222222222222222222222222222222 8888800000-
00000000000088 333333333333333333333333333333333333 333333333333333333333333333333333333333 88888000000-
000000000000888 22222222222222222222222222222222222 22222222222222222222222222222222222222 888880000000-
0000000000000888 3333333333333333333333333333333333 3333333333333333333333333333333333333 8888880000000-
00000000000000888 222222222222222222222222222222222 222222222222222222222222222222222222 88888000000000-
0000000000000888888 3333333333333333333333333333333 33333333333333333333333333333333333 888880000000000-
00000000000000088888 222222222222222222222222222222 222222222222222222222222222222222 88888000000000000-
000000000000000000888 33333333333333333333333333333 3333333333333333333333333333333 8888000000000000000-
0000000000000000088888 2222222222222222222222222222 2222222222222222222222222222 8888800000000000000000-
000000000000000000088888 33333333333333333333333333 33333333333333333333333333 888800000000000000000000-
00000000000000000008888888 222222222222222222222222 222222222222222222222222 88888800000000000000000000-
0000000000000000000000888888 3333333333333333333333 333333333333333333333 88888800000000000000000000000-
000000000000000000000000888888 22222222222222222222 22222222222222222 888888800000000000000000000000000-
0000000000000000000000000000888888 3333333333333333 333333333333333 88888000000000000000000000000000000-
0000000000000000000000008888888888 8888888888888888 888888888888888 8888888800000000000000000000000000-
000000000000000000000000000008888888888 88888888888 88888888888 00000000000000000000000000000000000000




00000000000000000000000000000000000008888 222000222 222222222 88888000000000000000000000000000000000000-
0000000000000000000000000000000000888 3333300333333 333333333333 88880000000000000000000000000000000000-
0000000000000000000000000000000888 2222200266222222 222220072222222 88880000000000000000000000000000000-
00000000000000000000000000000888 333333333333003333 3333333003333333 8888000000000000000000000000000000-
000000000000000000000000000888 22222222276222200222 222002226672222222 88880000000000000000000000000000-
0000000000000000000000000888 3333333333333333333333 33333300333333333333 888800000000000000000000000000-
000000000000000000000000088 22222222222276222222000 0222222222622222222222 8888880000000000000000000000-
00000000000000000000088888 333333333333333333000003 3333333333000000333333333 8888888880000000000000000-
000000000000000000008888 22222222222222222222222222 22222222222222722222222222 888888800000000000000000-
00000000000000000000088 333333333000003333333333333 3333333333333300000033333333 8880000000000000000000-
00000000000000000008888 222222222222222220000222222 22222222222222222222220000022 888888000000000000000-
0000000000000000000888 3333333330000000003333333333 333333333333333300000000333333 88888800000000000000-
000000000000000000088 22222222222222227777222220002 2262222220002222222222622222222 8888880000000000000-
00000000000000000888 333333333333000000000000333333 33333333333333330000000000333333 888888800000000000-
0000000000008888888 2222222266222222222207000022222 222222222226220022222222272222222 88888880000000000-
00000000000000888 333300000003333333333333333333333 3333333333333333333333300000003333 8888888000000000-
00000000000000088 222222222676222222222220002222222 22222200000022222226766762222222222 888888880000000-
0000000000000088 3333333333333330000000333333333333 3333333333333333300000333333333333333 8888888800000-
000000008888888 22222222222267622222222222220000002 22676676676676222222222222222222222222 888888888000-
00000000000088 333333333333333333000000003333333333 333333333333333333333333000000003333333 88888880000-
00000000088888 222222222676676676222222222222222222 220000222222222222222222222222222222222 88888880000-
00000008888888 333333333333333333333333333000000333 3333300000000000033333333333333333333333 8888800000-
00000000000088 222222000002222267667622222222222222 22222222267667667622222222222222222222222 888888880-
00000000000088 333333333333333333333333300000033333 33333333333333333330000000033333333333333 888880000-
0088888888888 2222222222222222222226762222222000022 2222222222222222222222222222222222222222222 8888880-
0000000000088 3333333333333333300000033333333333333 3333333333333333333330000000000000003333333 8880000-
00000000088 222222200000002222222267622222222222222 22222220000022222267667622222222222222222222 880000-
000000888888 33333333333333333333330000000333333333 00000003333333333333333333333333333333333333 888880-
00000000088 222226766766762222222200000000002222222 22222222222222222222267667622222222222222222 888800-
000000000088 33333333333333333333333333333333300000 3333333333333333333333333333333333333333333 8888800-
000000008888 22222222222222222222200000022222222222 222222222222222222222000000002222222222222 88880000-
00000008888 333333333333333333333333333333333333333 000000003333333333333333333333333333333333 88888000-
000000008888 22222222222222222222222222222222222222 22222222222222222220000222222222222222222 888880000-
000000000888 33333333333333333333333333300000000033 33333333333333333333333333333333333333333 888888000-
0000000000888 2222200000000222222222222222222222222 2222222222222222222000002222222222222222 8888800000-
00000000000088 333333333333333333333333333333333333 300000000000000033333333333333333333333 88888000000-
000000000000888 22222222222220000002222222222222222 22220000000222222226762222222222222222 888880000000-
0000000000000888 3333333333333333333300000000333333 3333333333333333333333333333333333333 8888880000000-
00000000000000888 222222226766762222222222222222222 222222222000000000002222222222222222 88888000000000-
0000000000000888888 3333333333333333333333333333333 33000000000000003333333333333333333 888880000000000-
00000000000000088888 222220000002222222222222222222 222222222222222222222222222222222 88888000000000000-
000000000000000000888 33333000003333333333333333333 3333333333333333333333333333333 8888000000000000000-
0000000000000000088888 2222222676676222222222220022 2222220000000000000000222222 8888800000000000000000-
000000000000000000088888 33333333333333333333333333 33000000033333333333333333 888800000000000000000000-
00000000000000000008888888 222222220026766762222222 222200000002676222222222 88888800000000000000000000-
0000000000000000000000888888 3333333333300000333333 333333333333333333333 88888800000000000000000000000-
000000000000000000000000888888 22222222222222222222 22222222222222222 888888800000000000000000000000000-
0000000000000000000000000000888888 3333333333333333 333000003333333 88888000000000000000000000000000000-
0000000000000000000000008888888888 8888888888888888 888888888888888 8888888800000000000000000000000000-
000000000000000000000000000008888888888 88888888888 88888888888 00000000000000000000000000000000000000